0 0.3290548 0.6919352 0.6853825 0.7415033 0.6712177 0.9006069 0.3148899 0.8510388
2 0.3637467 0.6780165 0.4552991 0.6907522 0.4477529 0.7755139 0.3562004 0.7627782
2 0.4630908 0.6918361 0.5546433 0.7045718 0.5470970 0.7893335 0.4555446 0.7765978
2 0.5624350 0.7056557 0.6539875 0.7183914 0.6464412 0.8031531 0.5548887 0.7904174
2 0.3691800 0.6169880 0.4607325 0.6297237 0.4531862 0.7144855 0.3616337 0.7017498
2 0.4685242 0.6308076 0.5600766 0.6435433 0.5525304 0.7283051 0.4609779 0.7155694
2 0.5678683 0.6446272 0.6594208 0.6573629 0.6518745 0.7421247 0.5603221 0.7293890
2 0.3746133 0.5559596 0.4661658 0.5686953 0.4586195 0.6534570 0.3670670 0.6407213
2 0.4739575 0.5697792 0.5655100 0.5825149 0.5579637 0.6672766 0.4664112 0.6545409
2 0.5733017 0.5835988 0.6648541 0.5963345 0.6573079 0.6810962 0.5657554 0.6683605
1 0.3562004 0.5559596 0.6648541 0.5559596 0.6648541 0.8031531 0.3562004 0.8031531