0 0.2486023 0.6288549 0.6176294 0.7871798 0.5693255 0.9630982 0.2002984 0.8047733
2 0.2874577 0.6266593 0.3822730 0.6673383 0.3585133 0.7538690 0.2636979 0.7131900
2 0.3903424 0.6708003 0.4851578 0.7114793 0.4613981 0.7980099 0.3665827 0.7573310
2 0.4932272 0.7149413 0.5880425 0.7556202 0.5642828 0.8421509 0.4694675 0.8014720
2 0.3045646 0.5643572 0.3993800 0.6050362 0.3756203 0.6915669 0.2808049 0.6508879
2 0.4074494 0.6084982 0.5022648 0.6491772 0.4785051 0.7357079 0.3836897 0.6950289
2 0.5103342 0.6526392 0.6051495 0.6933182 0.5813898 0.7798488 0.4865745 0.7391699
2 0.3216716 0.5020552 0.4164870 0.5427341 0.3927273 0.6292648 0.2979119 0.5885858
2 0.4245564 0.5461961 0.5193718 0.5868751 0.4956121 0.6734058 0.4007967 0.6327268
2 0.5274411 0.5903371 0.6222565 0.6310161 0.5984968 0.7175467 0.5036814 0.6768678
1 0.2636979 0.5020552 0.6222565 0.5020552 0.6222565 0.8421509 0.2636979 0.8421509