0 0.4576230 0.6242206 0.8434569 0.6785019 0.8286431 0.8430294 0.4428091 0.7887481
2 0.4961619 0.5986088 0.5952956 0.6125555 0.5853328 0.7232047 0.4861992 0.7092580
2 0.6037325 0.6137424 0.7028661 0.6276891 0.6929033 0.7383383 0.5937697 0.7243917
2 0.7113030 0.6288761 0.8104366 0.6428227 0.8004738 0.7534720 0.7013402 0.7395253
2 0.5033351 0.5189413 0.6024687 0.5328880 0.5925060 0.6435373 0.4933724 0.6295906
2 0.6109056 0.5340750 0.7100392 0.5480216 0.7000765 0.6586709 0.6009429 0.6447242
2 0.7184761 0.5492086 0.8176097 0.5631553 0.8076470 0.6738045 0.7085134 0.6598578
2 0.5105083 0.4392739 0.6096419 0.4532206 0.5996792 0.5638698 0.5005456 0.5499231
2 0.6180788 0.4544075 0.7172124 0.4683542 0.7072497 0.5790034 0.6081161 0.5650568
2 0.7256493 0.4695411 0.8247829 0.4834878 0.8148202 0.5941371 0.7156866 0.5801904
1 0.4861992 0.4392739 0.8247829 0.4392739 0.8247829 0.7534720 0.4861992 0.7534720