0 0.3711570 0.6174884 0.7116846 0.8301019 0.6564753 0.9682654 0.3159477 0.7556519
2 0.4120474 0.6139006 0.4995403 0.6685281 0.4643532 0.7565854 0.3768603 0.7019579
2 0.5069865 0.6731773 0.5944794 0.7278048 0.5592923 0.8158621 0.4717994 0.7612346
2 0.6019256 0.7324539 0.6894185 0.7870814 0.6542314 0.8751387 0.5667385 0.8205112
2 0.4373822 0.5504994 0.5248751 0.6051269 0.4896879 0.6931842 0.4021950 0.6385567
2 0.5323213 0.6097760 0.6198141 0.6644035 0.5846270 0.7524608 0.4971341 0.6978333
2 0.6272604 0.6690526 0.7147532 0.7236801 0.6795661 0.8117374 0.5920732 0.7571099
2 0.4627169 0.4870981 0.5502098 0.5417256 0.5150227 0.6297829 0.4275298 0.5751554
2 0.5576560 0.5463747 0.6451489 0.6010022 0.6099618 0.6890595 0.5224689 0.6344320
2 0.6525951 0.6056514 0.7400880 0.6602789 0.7049008 0.7483362 0.6174080 0.6937087
1 0.3768603 0.4870981 0.7400880 0.4870981 0.7400880 0.8751387 0.3768603 0.8751387
3 0.3768603 0.4870981 0.7400880 0.4870981 0.7400880 0.8751387 0.3768603 0.8751387