0 0.5262386 0.5202568 0.8045495 0.7574706 0.7032465 0.9431794 0.4249356 0.7059657
2 0.5575046 0.5322501 0.6290120 0.5931982 0.5877064 0.6689196 0.5161991 0.6079715
2 0.6350977 0.5983853 0.7066050 0.6593334 0.6652995 0.7350548 0.5937922 0.6741066
2 0.7126908 0.6645204 0.7841981 0.7254686 0.7428926 0.8011900 0.6713852 0.7402418
2 0.5872446 0.4777307 0.6587519 0.5386788 0.6174464 0.6144002 0.5459390 0.5534520
2 0.6648377 0.5438658 0.7363450 0.6048140 0.6950395 0.6805354 0.6235321 0.6195872
2 0.7424308 0.6100010 0.8139381 0.6709492 0.7726326 0.7466706 0.7011252 0.6857224
2 0.6169846 0.4232112 0.6884919 0.4841594 0.6471864 0.5598808 0.5756790 0.4989326
2 0.6945776 0.4893464 0.7660850 0.5502946 0.7247795 0.6260160 0.6532721 0.5650678
2 0.7721707 0.5554816 0.8436781 0.6164298 0.8023726 0.6921512 0.7308652 0.6312030
1 0.5161991 0.4232112 0.8436781 0.4232112 0.8436781 0.8011900 0.5161991 0.8011900
3 0.5161991 0.4232112 0.8436781 0.4232112 0.8436781 0.8011900 0.5161991 0.8011900