0 0.2618329 0.7559016 0.6197933 0.7062261 0.6397844 0.9313124 0.2818239 0.9809879
2 0.2942942 0.7430362 0.3862662 0.7302729 0.3937305 0.8143164 0.3017586 0.8270797
2 0.3940936 0.7291867 0.4860656 0.7164234 0.4935299 0.8004669 0.4015579 0.8132302
2 0.4938930 0.7153371 0.5858649 0.7025739 0.5933293 0.7866174 0.5013573 0.7993807
2 0.2889199 0.6825248 0.3808919 0.6697615 0.3883562 0.7538051 0.2963842 0.7665684
2 0.3887193 0.6686753 0.4806912 0.6559120 0.4881556 0.7399556 0.3961836 0.7527188
2 0.4885186 0.6548258 0.5804906 0.6420625 0.5879549 0.7261060 0.4959830 0.7388693
2 0.2835456 0.6220135 0.3755175 0.6092502 0.3829819 0.6932937 0.2910099 0.7060570
2 0.3833449 0.6081640 0.4753169 0.5954007 0.4827812 0.6794442 0.3908093 0.6922075
2 0.4831443 0.5943144 0.5751163 0.5815512 0.5825806 0.6655947 0.4906086 0.6783580
1 0.2835456 0.5815512 0.5933293 0.5815512 0.5933293 0.8270797 0.2835456 0.8270797