0 0.3850788 0.5349306 0.6844620 0.7207230 0.6076729 0.9140618 0.3082897 0.7282693
2 0.4176090 0.5401566 0.4945305 0.5878929 0.4619591 0.6699007 0.3850376 0.6221644
2 0.5010770 0.5919555 0.5779985 0.6396918 0.5454271 0.7216997 0.4685056 0.6739634
2 0.5845450 0.6437545 0.6614666 0.6914908 0.6288952 0.7734986 0.5519737 0.7257623
2 0.4410604 0.4811109 0.5179819 0.5288472 0.4854105 0.6108551 0.4084890 0.5631188
2 0.5245284 0.5329099 0.6014499 0.5806462 0.5688785 0.6626540 0.4919570 0.6149177
2 0.6079964 0.5847088 0.6849180 0.6324451 0.6523466 0.7144530 0.5754250 0.6667167
2 0.4645117 0.4220653 0.5414333 0.4698015 0.5088619 0.5518094 0.4319404 0.5040731
2 0.5479798 0.4738642 0.6249013 0.5216005 0.5923299 0.6036084 0.5154084 0.5558721
2 0.6314478 0.5256632 0.7083693 0.5733994 0.6757980 0.6554073 0.5988764 0.6076710
1 0.3850376 0.4220653 0.7083693 0.4220653 0.7083693 0.7734986 0.3850376 0.7734986