0 0.2695583 0.6416624 0.5811599 0.6207200 0.5903282 0.8338695 0.2787266 0.8548119
2 0.2976498 0.6210204 0.3777106 0.6156396 0.3820698 0.7169844 0.3020090 0.7223652
2 0.3845243 0.6151816 0.4645851 0.6098008 0.4689444 0.7111456 0.3888835 0.7165264
2 0.4713988 0.6093429 0.5514597 0.6039621 0.5558189 0.7053069 0.4757580 0.7106877
2 0.2945112 0.5480521 0.3745720 0.5426713 0.3789312 0.6440161 0.2988704 0.6493969
2 0.3813857 0.5422134 0.4614465 0.5368326 0.4658057 0.6381774 0.3857449 0.6435582
2 0.4682602 0.5363747 0.5483210 0.5309939 0.5526802 0.6323386 0.4726194 0.6377194
2 0.2913725 0.4750839 0.3714334 0.4697031 0.3757926 0.5710479 0.2957317 0.5764287
2 0.3782470 0.4692452 0.4583079 0.4638644 0.4626671 0.5652091 0.3826063 0.5705899
2 0.4651216 0.4634064 0.5451824 0.4580256 0.5495416 0.5593704 0.4694808 0.5647512
1 0.2913725 0.4580256 0.5558189 0.4580256 0.5558189 0.7223652 0.2913725 0.7223652
3 0.2913725 0.4580256 0.5558189 0.4580256 0.5558189 0.7223652 0.2913725 0.7223652