0 0.5241465 0.7207773 0.8315031 0.8046076 0.8053164 0.9546250 0.4979598 0.8707947
2 0.5563118 0.7075662 0.6352819 0.7291050 0.6200998 0.8160801 0.5411296 0.7945413
2 0.6420028 0.7309381 0.7209729 0.7524769 0.7057908 0.8394520 0.6268206 0.8179132
2 0.7276938 0.7543100 0.8066639 0.7758488 0.7914818 0.8628239 0.7125116 0.8412851
2 0.5672430 0.6449441 0.6462131 0.6664829 0.6310309 0.7534580 0.5520608 0.7319192
2 0.6529340 0.6683160 0.7319041 0.6898549 0.7167219 0.7768299 0.6377518 0.7552911
2 0.7386250 0.6916879 0.8175951 0.7132268 0.8024129 0.8002019 0.7234428 0.7786630
2 0.5781741 0.5823221 0.6571443 0.6038609 0.6419621 0.6908360 0.5629920 0.6692972
2 0.6638651 0.6056940 0.7428353 0.6272328 0.7276531 0.7142079 0.6486830 0.6926691
2 0.7495561 0.6290659 0.8285263 0.6506047 0.8133441 0.7375798 0.7343740 0.7160410
1 0.5411296 0.5823221 0.8285263 0.5823221 0.8285263 0.8628239 0.5411296 0.8628239