0 0.3839352 0.5979852 0.6889517 0.7165882 0.6526128 0.8626106 0.3475963 0.7440076
2 0.4175517 0.5875608 0.4959206 0.6180339 0.4743564 0.7046863 0.3959875 0.6742132
2 0.5025903 0.6206273 0.5809592 0.6511004 0.5593950 0.7377528 0.4810261 0.7072797
2 0.5876289 0.6536938 0.6659978 0.6841669 0.6444336 0.7708193 0.5660647 0.7403462
2 0.4330779 0.5251711 0.5114468 0.5556442 0.4898826 0.6422965 0.4115137 0.6118235
2 0.5181165 0.5582376 0.5964854 0.5887107 0.5749212 0.6753630 0.4965523 0.6448900
2 0.6031551 0.5913041 0.6815240 0.6217772 0.6599598 0.7084296 0.5815909 0.6779565
2 0.4486041 0.4627814 0.5269730 0.4932544 0.5054088 0.5799068 0.4270399 0.5494338
2 0.5336427 0.4958479 0.6120116 0.5263210 0.5904474 0.6129733 0.5120785 0.5825003
2 0.6186813 0.5289144 0.6970502 0.5593875 0.6754860 0.6460398 0.5971171 0.6155668
1 0.3959875 0.4627814 0.6970502 0.4627814 0.6970502 0.7708193 0.3959875 0.7708193