0 0.2024229 0.6640884 0.5135053 0.7761423 0.4686367 0.9707729 0.1575543 0.8587189
2 0.2352650 0.6571526 0.3151925 0.6859430 0.2937431 0.7789860 0.2138156 0.7501956
2 0.3219948 0.6883932 0.4019222 0.7171836 0.3804728 0.8102266 0.3005454 0.7814363
2 0.4087246 0.7196339 0.4886520 0.7484243 0.4672026 0.8414673 0.3872752 0.8126769
2 0.2507086 0.5901616 0.3306361 0.6189520 0.3091866 0.7119950 0.2292592 0.6832046
2 0.3374384 0.6214023 0.4173658 0.6501927 0.3959164 0.7432357 0.3159890 0.7144453
2 0.4241682 0.6526429 0.5040956 0.6814333 0.4826462 0.7744763 0.4027187 0.7456859
2 0.2661522 0.5231706 0.3460796 0.5519610 0.3246302 0.6450041 0.2447028 0.6162137
2 0.3528820 0.5544113 0.4328094 0.5832017 0.4113600 0.6762447 0.3314326 0.6474543
2 0.4396117 0.5856519 0.5195392 0.6144423 0.4980898 0.7074853 0.4181623 0.6786949
1 0.2138156 0.5231706 0.5195392 0.5231706 0.5195392 0.8414673 0.2138156 0.8414673