0 0.4459367 0.7766627 0.7360024 0.5624054 0.8027861 0.7036759 0.5127204 0.9179332
2 0.4647382 0.7396655 0.5392658 0.6846156 0.5754953 0.7612536 0.5009678 0.8163034
2 0.5456086 0.6799306 0.6201361 0.6248807 0.6563656 0.7015186 0.5818381 0.7565685
2 0.6264789 0.6201956 0.7010064 0.5651458 0.7372360 0.6417837 0.6627084 0.6968335
2 0.4386530 0.6844862 0.5131805 0.6294363 0.5494101 0.7060743 0.4748825 0.7611241
2 0.5195233 0.6247513 0.5940508 0.5697014 0.6302804 0.6463393 0.5557528 0.7013892
2 0.6003936 0.5650163 0.6749211 0.5099665 0.7111507 0.5866044 0.6366231 0.6416542
2 0.4125677 0.6293069 0.4870952 0.5742570 0.5233248 0.6508950 0.4487972 0.7059448
2 0.4934380 0.5695720 0.5679655 0.5145221 0.6041951 0.5911600 0.5296676 0.6462099
2 0.5743083 0.5098370 0.6488359 0.4547872 0.6850654 0.5314251 0.6105379 0.5864749
1 0.4125677 0.4547872 0.7372360 0.4547872 0.7372360 0.8163034 0.4125677 0.8163034
3 0.4125677 0.4547872 0.7372360 0.4547872 0.7372360 0.8163034 0.4125677 0.8163034