0 0.1534018 0.7285526 0.5466127 0.7489922 0.5400002 0.9477569 0.1467893 0.9273173
2 0.1906573 0.7066490 0.2916863 0.7119007 0.2881190 0.8191281 0.1870901 0.8138764
2 0.3002845 0.7123476 0.4013135 0.7175992 0.3977462 0.8248266 0.2967173 0.8195750
2 0.4099117 0.7180462 0.5109407 0.7232978 0.5073734 0.8305252 0.4063445 0.8252736
2 0.1932257 0.6294453 0.2942547 0.6346969 0.2906875 0.7419243 0.1896585 0.7366727
2 0.3028529 0.6351439 0.4038819 0.6403955 0.4003147 0.7476229 0.2992857 0.7423713
2 0.4124801 0.6408425 0.5135091 0.6460941 0.5099419 0.7533215 0.4089129 0.7480698
2 0.1957941 0.5522416 0.2968231 0.5574932 0.2932559 0.6647206 0.1922269 0.6594690
2 0.3054213 0.5579402 0.4064503 0.5631918 0.4028831 0.6704192 0.3018541 0.6651676
2 0.4150485 0.5636387 0.5160775 0.5688904 0.5125103 0.6761178 0.4114813 0.6708661
1 0.1870901 0.5522416 0.5160775 0.5522416 0.5160775 0.8305252 0.1870901 0.8305252