0 0.3170788 0.6642767 0.6108466 0.6475984 0.6169919 0.8167262 0.3232241 0.8334045
2 0.3453576 0.6469748 0.4585757 0.6405470 0.4615576 0.7226134 0.3483395 0.7290412
2 0.4682113 0.6400000 0.5814294 0.6335722 0.5844113 0.7156385 0.4711932 0.7220664
2 0.3432106 0.5878871 0.4564287 0.5814592 0.4594106 0.6635256 0.3461925 0.6699534
2 0.4660643 0.5809122 0.5792824 0.5744844 0.5822643 0.6565507 0.4690462 0.6629786
2 0.3410637 0.5287993 0.4542818 0.5223714 0.4572637 0.6044378 0.3440456 0.6108656
2 0.4639174 0.5218244 0.5771355 0.5153966 0.5801174 0.5974630 0.4668993 0.6038908
1 0.3410637 0.5153966 0.5844113 0.5153966 0.5844113 0.7290412 0.3410637 0.7290412
3 0.3410637 0.5153966 0.5844113 0.5153966 0.5844113 0.7290412 0.3410637 0.7290412
4 0.5054143 0.6109190 0.5210393 0.5952940 0.5429143 0.6187315 0.5272893 0.6382627
5 0.5827216 0.6319734 0.6202216 0.6358796 0.6327216 0.6632234 0.5858466 0.6593171