0 0.2906852 0.5233505 0.5617879 0.7401460 0.4705487 0.9184188 0.1994460 0.7016233
2 0.3235131 0.5284337 0.3931684 0.5841357 0.3504213 0.6676595 0.2807660 0.6119575
2 0.3990965 0.5888763 0.4687519 0.6445782 0.4260047 0.7281021 0.3563494 0.6724001
2 0.4746800 0.6493188 0.5443353 0.7050208 0.5015882 0.7885447 0.4319329 0.7328427
2 0.3542910 0.4682965 0.4239464 0.5239985 0.3811992 0.6075223 0.3115439 0.5518203
2 0.4298745 0.5287391 0.4995298 0.5844411 0.4567827 0.6679649 0.3871273 0.6122629
2 0.5054579 0.5891817 0.5751132 0.6448837 0.5323661 0.7284075 0.4627108 0.6727055
2 0.3850690 0.4081593 0.4547243 0.4638613 0.4119772 0.5473852 0.3423218 0.4916832
2 0.4606524 0.4686019 0.5303077 0.5243039 0.4875606 0.6078278 0.4179053 0.5521258
2 0.5362358 0.5290445 0.6058912 0.5847465 0.5631440 0.6682703 0.4934887 0.6125684
1 0.2807660 0.4081593 0.6058912 0.4081593 0.6058912 0.7885447 0.2807660 0.7885447
3 0.2807660 0.4081593 0.6058912 0.4081593 0.6058912 0.7885447 0.2807660 0.7885447