0 0.3668907 0.5255013 0.6704067 0.7730036 0.5744494 0.9568692 0.2709334 0.7093670
2 0.4028904 0.5334045 0.4808738 0.5969961 0.4363793 0.6822528 0.3583959 0.6186613
2 0.4875107 0.6024082 0.5654941 0.6659997 0.5209996 0.7512565 0.4430162 0.6876649
2 0.5721309 0.6714118 0.6501143 0.7350034 0.6056198 0.8202601 0.5276365 0.7566685
2 0.4349264 0.4720197 0.5129098 0.5356113 0.4684153 0.6208680 0.3904320 0.5572764
2 0.5195467 0.5410233 0.5975301 0.6046149 0.5530356 0.6898716 0.4750522 0.6262800
2 0.6041670 0.6100269 0.6821503 0.6736185 0.6376559 0.7588752 0.5596725 0.6952837
2 0.4669625 0.4106348 0.5449459 0.4742264 0.5004514 0.5594831 0.4224680 0.4958916
2 0.5515827 0.4796385 0.6295661 0.5432300 0.5850716 0.6284868 0.5070882 0.5648952
2 0.6362030 0.5486421 0.7141864 0.6122337 0.6696919 0.6974904 0.5917085 0.6338988
1 0.3583959 0.4106348 0.7141864 0.4106348 0.7141864 0.8202601 0.3583959 0.8202601
3 0.3583959 0.4106348 0.7141864 0.4106348 0.7141864 0.8202601 0.3583959 0.8202601