0 0.4001413 0.6027313 0.6822340 0.7970493 0.6174855 0.9439179 0.3353928 0.7496000
2 0.4342478 0.6027246 0.5067269 0.6526514 0.4714080 0.7327649 0.3989290 0.6828381
2 0.5128953 0.6569005 0.5853743 0.7068272 0.5500555 0.7869407 0.4775764 0.7370140
2 0.5915428 0.7110763 0.6640218 0.7610030 0.6287029 0.8411166 0.5562239 0.7911898
2 0.4596774 0.5450429 0.5321564 0.5949696 0.4968376 0.6750832 0.4243586 0.6251564
2 0.5383249 0.5992187 0.6108039 0.6491455 0.5754850 0.7292590 0.5030060 0.6793322
2 0.6169723 0.6533946 0.6894514 0.7033213 0.6541325 0.7834348 0.5816535 0.7335081
2 0.4851070 0.4873612 0.5575860 0.5372879 0.5222672 0.6174014 0.4497881 0.5674747
2 0.5637545 0.5415370 0.6362335 0.5914637 0.6009146 0.6715773 0.5284356 0.6216505
2 0.6424019 0.5957128 0.7148809 0.6456396 0.6795621 0.7257531 0.6070831 0.6758263
1 0.3989290 0.4873612 0.7148809 0.4873612 0.7148809 0.8411166 0.3989290 0.8411166
3 0.3989290 0.4873612 0.7148809 0.4873612 0.7148809 0.8411166 0.3989290 0.8411166