0 0.4596236 0.7467949 0.8376985 0.6991569 0.8555531 0.9205654 0.4774782 0.9682035
2 0.4931451 0.7232971 0.5902851 0.7110572 0.5987188 0.8156403 0.5015788 0.8278801
2 0.5985524 0.7100156 0.6956924 0.6977757 0.7041261 0.8023588 0.6069861 0.8145986
2 0.7039597 0.6967341 0.8010997 0.6844943 0.8095334 0.7890773 0.7123934 0.8013171
2 0.4870728 0.6479972 0.5842129 0.6357574 0.5926466 0.7403405 0.4955065 0.7525803
2 0.5924801 0.6347157 0.6896202 0.6224759 0.6980539 0.7270590 0.6009138 0.7392988
2 0.6978874 0.6214343 0.7950275 0.6091944 0.8034611 0.7137775 0.7063211 0.7260173
2 0.4810006 0.5726974 0.5781406 0.5604576 0.5865743 0.6650407 0.4894343 0.6772805
2 0.5864079 0.5594159 0.6835479 0.5471761 0.6919816 0.6517592 0.5948415 0.6639990
2 0.6918151 0.5461344 0.7889552 0.5338946 0.7973889 0.6384777 0.7002488 0.6507175
1 0.4810006 0.5338946 0.8095334 0.5338946 0.8095334 0.8278801 0.4810006 0.8278801