0 0.4104861 0.7172264 0.7137195 0.6606555 0.7398217 0.8792707 0.4365883 0.9358417
2 0.4368518 0.6972888 0.5147626 0.6827538 0.5261015 0.7777217 0.4481908 0.7922567
2 0.5213933 0.6815168 0.5993041 0.6669818 0.6106430 0.7619497 0.5327322 0.7764847
2 0.6059348 0.6657448 0.6838455 0.6512099 0.6951845 0.7461778 0.6172737 0.7607127
2 0.4286878 0.6289119 0.5065985 0.6143769 0.5179375 0.7093448 0.4400267 0.7238798
2 0.5132292 0.6131399 0.5911400 0.5986049 0.6024790 0.6935728 0.5245682 0.7081078
2 0.5977707 0.5973679 0.6756815 0.5828330 0.6870204 0.6778009 0.6091097 0.6923358
2 0.4205237 0.5605350 0.4984345 0.5460000 0.5097734 0.6409679 0.4318627 0.6555029
2 0.5050652 0.5447630 0.5829760 0.5302280 0.5943149 0.6251959 0.5164041 0.6397309
2 0.5896067 0.5289910 0.6675174 0.5144561 0.6788564 0.6094240 0.6009456 0.6239589
1 0.4205237 0.5144561 0.6951845 0.5144561 0.6951845 0.7922567 0.4205237 0.7922567
3 0.4205237 0.5144561 0.6951845 0.5144561 0.6951845 0.7922567 0.4205237 0.7922567