0 0.4772034 0.7412467 0.7802419 0.5568848 0.8342872 0.6956896 0.5312488 0.8800515
2 0.4990201 0.7080082 0.5768808 0.6606394 0.6056646 0.7345650 0.5278039 0.7819337
2 0.5835072 0.6566080 0.6613679 0.6092393 0.6901517 0.6831649 0.6122910 0.7305336
2 0.6679944 0.6052079 0.7458550 0.5578392 0.7746389 0.6317648 0.6967782 0.6791335
2 0.4782958 0.6547817 0.5561564 0.6074130 0.5849403 0.6813386 0.5070796 0.7287073
2 0.5627829 0.6033816 0.6406436 0.5560129 0.6694274 0.6299385 0.5915667 0.6773072
2 0.6472700 0.5519815 0.7251307 0.5046128 0.7539145 0.5785384 0.6760538 0.6259071
2 0.4575714 0.6015553 0.5354321 0.5541866 0.5642159 0.6281122 0.4863552 0.6754809
2 0.5420585 0.5501552 0.6199192 0.5027865 0.6487030 0.5767121 0.5708424 0.6240808
2 0.6265457 0.4987551 0.7044064 0.4513864 0.7331902 0.5253119 0.6553295 0.5726807
1 0.4575714 0.4513864 0.7746389 0.4513864 0.7746389 0.7819337 0.4575714 0.7819337
3 0.4575714 0.4513864 0.7746389 0.4513864 0.7746389 0.7819337 0.4575714 0.7819337