0 0.2769244 0.5729902 0.5789259 0.6725730 0.5389297 0.8620970 0.2369282 0.7625142
2 0.3092024 0.5619798 0.3867967 0.5875660 0.3662530 0.6849132 0.2886587 0.6593271
2 0.3934005 0.5897435 0.4709947 0.6153296 0.4504510 0.7126769 0.3728568 0.6870907
2 0.4775985 0.6175072 0.5551927 0.6430933 0.5346490 0.7404405 0.4570548 0.7148544
2 0.3239939 0.4918898 0.4015882 0.5174759 0.3810445 0.6148232 0.3034502 0.5892371
2 0.4081919 0.5196535 0.4857862 0.5452396 0.4652425 0.6425869 0.3876482 0.6170007
2 0.4923899 0.5474171 0.5699842 0.5730033 0.5494405 0.6703505 0.4718462 0.6447644
2 0.3387854 0.4217998 0.4163796 0.4473859 0.3958359 0.5447332 0.3182417 0.5191470
2 0.4229834 0.4495635 0.5005776 0.4751496 0.4800339 0.5724968 0.4024397 0.5469107
2 0.5071814 0.4773271 0.5847757 0.5029132 0.5642320 0.6002605 0.4866377 0.5746744
1 0.2886587 0.4217998 0.5847757 0.4217998 0.5847757 0.7404405 0.2886587 0.7404405
3 0.2886587 0.4217998 0.5847757 0.4217998 0.5847757 0.7404405 0.2886587 0.7404405