0 0.2550576 0.6735033 0.5545478 0.5752991 0.5987675 0.7860104 0.2992772 0.8842147
2 0.2784078 0.6433227 0.3553568 0.6180908 0.3774678 0.7234518 0.3005187 0.7486837
2 0.3619057 0.6159434 0.4388547 0.5907114 0.4609657 0.6960725 0.3840166 0.7213044
2 0.4454035 0.5885640 0.5223526 0.5633321 0.5444635 0.6686931 0.4675145 0.6939251
2 0.2624879 0.5674628 0.3394369 0.5422308 0.3615479 0.6475919 0.2845989 0.6728238
2 0.3459858 0.5400834 0.4229348 0.5148515 0.4450458 0.6202125 0.3680967 0.6454445
2 0.4294837 0.5127041 0.5064327 0.4874721 0.5285436 0.5928332 0.4515946 0.6180651
2 0.2465680 0.4916028 0.3235170 0.4663709 0.3456280 0.5717319 0.2686790 0.5969638
2 0.3300659 0.4642235 0.4070149 0.4389915 0.4291259 0.5443526 0.3521768 0.5695845
2 0.4135638 0.4368441 0.4905128 0.4116122 0.5126238 0.5169732 0.4356747 0.5422052
1 0.2465680 0.4116122 0.5444635 0.4116122 0.5444635 0.7486837 0.2465680 0.7486837