0 0.4703083 0.5284275 0.8213822 0.7712787 0.7456075 0.9424389 0.3945336 0.6995878
2 0.5108305 0.5329544 0.6010331 0.5953510 0.5623688 0.6826861 0.4721662 0.6202895
2 0.6087099 0.6006613 0.6989125 0.6630579 0.6602482 0.7503930 0.5700456 0.6879964
2 0.7065893 0.6683682 0.7967919 0.7307648 0.7581276 0.8180999 0.6679250 0.7557033
2 0.5386688 0.4700731 0.6288714 0.5324697 0.5902071 0.6198048 0.5000045 0.5574082
2 0.6365483 0.5377800 0.7267508 0.6001766 0.6880865 0.6875117 0.5978839 0.6251152
2 0.7344277 0.6054869 0.8246303 0.6678835 0.7859659 0.7552186 0.6957633 0.6928221
2 0.5665072 0.4071918 0.6567098 0.4695884 0.6180454 0.5569235 0.5278428 0.4945270
2 0.6643866 0.4748987 0.7545892 0.5372953 0.7159248 0.6246304 0.6257222 0.5622339
2 0.7622660 0.5426056 0.8524686 0.6050022 0.8138042 0.6923373 0.7236016 0.6299408
1 0.4721662 0.4071918 0.8524686 0.4071918 0.8524686 0.8180999 0.4721662 0.8180999