0 0.1508181 0.6873485 0.5330014 0.5887776 0.5621644 0.7654531 0.1799811 0.8640239
2 0.1832431 0.6599357 0.2814388 0.6346095 0.2962198 0.7241562 0.1980242 0.7494823
2 0.2897958 0.6324541 0.3879915 0.6071280 0.4027725 0.6966746 0.3045769 0.7220007
2 0.3963485 0.6049726 0.4945442 0.5796465 0.5093252 0.6691931 0.4111296 0.6945192
2 0.1726008 0.5954621 0.2707964 0.5701360 0.2855775 0.6596826 0.1873818 0.6850087
2 0.2791535 0.5679806 0.3773491 0.5426544 0.3921302 0.6322010 0.2939345 0.6575272
2 0.3857062 0.5404990 0.4839018 0.5151729 0.4986829 0.6047195 0.4004872 0.6300456
2 0.1619584 0.5309885 0.2601540 0.5056624 0.2749351 0.5952090 0.1767395 0.6205352
2 0.2685111 0.5035070 0.3667067 0.4781809 0.3814878 0.5677275 0.2832922 0.5930536
2 0.3750638 0.4760254 0.4732594 0.4506993 0.4880405 0.5402459 0.3898449 0.5655721
1 0.1619584 0.4506993 0.5093252 0.4506993 0.5093252 0.7494823 0.1619584 0.7494823
3 0.1619584 0.4506993 0.5093252 0.4506993 0.5093252 0.7494823 0.1619584 0.7494823