0 0.4681928 0.6641105 0.7889424 0.5672798 0.8280246 0.7695591 0.5072750 0.8663899
2 0.4951915 0.6409210 0.5776027 0.6160419 0.5948184 0.7051460 0.5124072 0.7300250
2 0.5846165 0.6139246 0.6670277 0.5890455 0.6842434 0.6781495 0.6018322 0.7030286
2 0.6740414 0.5869281 0.7564527 0.5620491 0.7736684 0.6511531 0.6912571 0.6760322
2 0.4827962 0.5767661 0.5652074 0.5518870 0.5824231 0.6409911 0.5000119 0.6658701
2 0.5722211 0.5497696 0.6546324 0.5248906 0.6718481 0.6139946 0.5894369 0.6388737
2 0.6616461 0.5227732 0.7440574 0.4978942 0.7612731 0.5869982 0.6788618 0.6118773
2 0.4704009 0.5126112 0.5528121 0.4877321 0.5700278 0.5768361 0.4876166 0.6017152
2 0.5598258 0.4856147 0.6422371 0.4607357 0.6594528 0.5498397 0.5770415 0.5747188
2 0.6492508 0.4586183 0.7316621 0.4337393 0.7488778 0.5228433 0.6664665 0.5477224
1 0.4704009 0.4337393 0.7736684 0.4337393 0.7736684 0.7300250 0.4704009 0.7300250