0 0.5216549 0.6589816 0.8802669 0.8495101 0.8155688 1.0000000 0.4569569 0.8492540
2 0.5607562 0.6594573 0.6528955 0.7084104 0.6217942 0.7998774 0.5296548 0.7509243
2 0.6607372 0.7125767 0.7528765 0.7615298 0.7217752 0.8529968 0.6296358 0.8040436
2 0.7607182 0.7656960 0.8528575 0.8146492 0.8217562 0.9061161 0.7296168 0.8571630
2 0.5831492 0.5936011 0.6752885 0.6425542 0.6441871 0.7340212 0.5520478 0.6850681
2 0.6831302 0.6467205 0.7752695 0.6956736 0.7441682 0.7871406 0.6520288 0.7381874
2 0.7831112 0.6998398 0.8752505 0.7487929 0.8441492 0.8402599 0.7520098 0.7913068
2 0.6055421 0.5277449 0.6976815 0.5766980 0.6665801 0.6681650 0.5744408 0.6192118
2 0.7055231 0.5808642 0.7976625 0.6298174 0.7665611 0.7212843 0.6744218 0.6723312
2 0.8055042 0.6339836 0.8976435 0.6829367 0.8665421 0.7744037 0.7744028 0.7254506
1 0.5296548 0.5277449 0.8976435 0.5277449 0.8976435 0.9061161 0.5296548 0.9061161