0 0.3488782 0.6758637 0.7436592 0.5964274 0.7703198 0.8034545 0.3755387 0.8828908
2 0.3838777 0.6559967 0.4853101 0.6355869 0.4965279 0.7226962 0.3950955 0.7431060
2 0.4939427 0.6338499 0.5953751 0.6134400 0.6065929 0.7005493 0.5051605 0.7209592
2 0.6040076 0.6117030 0.7054400 0.5912932 0.7166578 0.6784025 0.6152254 0.6988123
2 0.3758009 0.5932780 0.4772333 0.5728682 0.4884511 0.6599775 0.3870187 0.6803873
2 0.4858659 0.5711312 0.5872983 0.5507213 0.5985161 0.6378306 0.4970837 0.6582405
2 0.5959308 0.5489843 0.6973632 0.5285745 0.7085810 0.6156838 0.6071486 0.6360936
2 0.3677241 0.5305593 0.4691565 0.5101495 0.4803743 0.5972588 0.3789419 0.6176686
2 0.4777891 0.5084125 0.5792215 0.4880026 0.5904393 0.5751119 0.4890068 0.5955218
2 0.5878540 0.4862656 0.6892864 0.4658558 0.7005042 0.5529651 0.5990718 0.5733749
1 0.3677241 0.4658558 0.7166578 0.4658558 0.7166578 0.7431060 0.3677241 0.7431060
3 0.3677241 0.4658558 0.7166578 0.4658558 0.7166578 0.7431060 0.3677241 0.7431060