0 0.4326978 0.6285190 0.8025671 0.6288957 0.8024523 0.8050702 0.4325830 0.8046935
2 0.4670140 0.6024388 0.5620458 0.6025356 0.5619773 0.7076182 0.4669456 0.7075214
2 0.5701336 0.6025438 0.6651654 0.6026406 0.6650969 0.7077232 0.5700651 0.7076264
2 0.6732532 0.6026488 0.7682849 0.6027456 0.7682164 0.7078282 0.6731847 0.7077314
2 0.4670634 0.5267794 0.5620951 0.5268761 0.5620266 0.6319587 0.4669949 0.6318619
2 0.5701829 0.5268844 0.6652147 0.5269811 0.6651462 0.6320637 0.5701144 0.6319670
2 0.6733025 0.5269894 0.7683342 0.5270862 0.7682657 0.6321687 0.6732340 0.6320720
2 0.4671127 0.4511199 0.5621444 0.4512167 0.5620759 0.5562993 0.4670442 0.5562025
2 0.5702322 0.4512249 0.6652640 0.4513217 0.6651955 0.5564043 0.5701637 0.5563075
2 0.6733518 0.4513299 0.7683835 0.4514267 0.7683151 0.5565093 0.6732833 0.5564125
1 0.4669456 0.4511199 0.7683835 0.4511199 0.7683835 0.7078282 0.4669456 0.7078282
3 0.4669456 0.4511199 0.7683835 0.4511199 0.7683835 0.7078282 0.4669456 0.7078282