0 0.3737694 0.8717464 0.7011369 0.6327712 0.7803270 0.8022728 0.4529595 1.0000000
2 0.3940947 0.8281113 0.4782063 0.7667106 0.5220286 0.8605094 0.4379169 0.9219101
2 0.4853647 0.7614850 0.5694763 0.7000843 0.6132986 0.7938831 0.5291870 0.8552839
2 0.5766348 0.6948587 0.6607464 0.6334580 0.7045687 0.7272568 0.6204570 0.7886576
2 0.3625426 0.7605761 0.4466542 0.6991754 0.4904765 0.7929743 0.4063649 0.8543750
2 0.4538127 0.6939498 0.5379243 0.6325491 0.5817466 0.7263480 0.4976349 0.7877487
2 0.5450827 0.6273235 0.6291944 0.5659228 0.6730166 0.6597217 0.5889050 0.7211224
2 0.3309906 0.6930409 0.4151022 0.6316402 0.4589245 0.7254391 0.3748129 0.7868398
2 0.4222606 0.6264146 0.5063723 0.5650139 0.5501945 0.6588128 0.4660829 0.7202135
2 0.5135307 0.5597883 0.5976423 0.4983876 0.6414646 0.5921865 0.5573530 0.6535872
1 0.3309906 0.4983876 0.7045687 0.4983876 0.7045687 0.9219101 0.3309906 0.9219101
3 0.3309906 0.4983876 0.7045687 0.4983876 0.7045687 0.9219101 0.3309906 0.9219101