0 0.5325956 0.5597265 0.8085947 0.7357405 0.7414588 0.9002289 0.4654597 0.7242149
2 0.5656037 0.5578845 0.6365171 0.6031083 0.6015487 0.6887836 0.5306354 0.6435598
2 0.6425523 0.6069572 0.7134656 0.6521810 0.6784973 0.7378564 0.6075839 0.6926325
2 0.7195008 0.6560299 0.7904142 0.7012538 0.7554458 0.7869291 0.6845324 0.7417052
2 0.5907810 0.4961982 0.6616943 0.5414221 0.6267260 0.6270974 0.5558126 0.5818735
2 0.6677295 0.5452709 0.7386429 0.5904948 0.7036745 0.6761701 0.6327611 0.6309463
2 0.7446780 0.5943437 0.8155914 0.6395675 0.7806230 0.7252428 0.7097097 0.6800190
2 0.6159582 0.4345120 0.6868715 0.4797359 0.6519032 0.5654112 0.5809898 0.5201873
2 0.6929067 0.4835847 0.7638201 0.5288086 0.7288517 0.6144839 0.6579384 0.5692600
2 0.7698553 0.5326574 0.8407686 0.5778813 0.8058002 0.6635566 0.7348869 0.6183327
1 0.5306354 0.4345120 0.8407686 0.4345120 0.8407686 0.7869291 0.5306354 0.7869291
3 0.5306354 0.4345120 0.8407686 0.4345120 0.8407686 0.7869291 0.5306354 0.7869291