0 0.3924285 0.5253652 0.6756431 0.7729359 0.5785349 0.9465128 0.2953204 0.6989421
2 0.4236317 0.5394937 0.4963989 0.6031028 0.4573870 0.6728352 0.3846197 0.6092260
2 0.5025919 0.6085164 0.5753592 0.6721256 0.5363472 0.7418579 0.4635800 0.6782487
2 0.5815521 0.6775391 0.6543194 0.7411483 0.6153074 0.8108806 0.5425402 0.7472714
2 0.4517203 0.4892864 0.5244875 0.5528956 0.4854756 0.6226279 0.4127083 0.5590187
2 0.5306805 0.5583091 0.6034478 0.6219183 0.5644358 0.6916506 0.4916686 0.6280414
2 0.6096407 0.6273318 0.6824080 0.6909410 0.6433960 0.7606733 0.5706288 0.6970642
2 0.4798089 0.4390792 0.5525762 0.5026883 0.5135642 0.5724206 0.4407969 0.5088115
2 0.5587691 0.5081019 0.6315364 0.5717110 0.5925244 0.6414433 0.5197572 0.5778342
2 0.6377293 0.5771246 0.7104966 0.6407338 0.6714846 0.7104661 0.5987174 0.6468569
1 0.3846197 0.4390792 0.7104966 0.4390792 0.7104966 0.8108806 0.3846197 0.8108806
3 0.3846197 0.4390792 0.7104966 0.4390792 0.7104966 0.8108806 0.3846197 0.8108806
5 0.6475181 0.7573109 0.6850181 0.7612172 0.6975181 0.7885609 0.6506431 0.7846547