0 0.1853613 0.6249522 0.5583412 0.7046940 0.5324312 0.8940536 0.1594512 0.8143118
2 0.2234667 0.6066377 0.3192977 0.6271260 0.3044891 0.7353523 0.2086582 0.7148640
2 0.3274535 0.6288697 0.4232845 0.6493580 0.4084760 0.7575843 0.3126450 0.7370960
2 0.4314404 0.6511017 0.5272713 0.6715901 0.5124628 0.7798164 0.4166318 0.7593280
2 0.2341289 0.5287148 0.3299599 0.5492031 0.3151513 0.6574294 0.2193203 0.6369411
2 0.3381157 0.5509468 0.4339467 0.5714351 0.4191381 0.6796614 0.3233071 0.6591731
2 0.4421025 0.5731788 0.5379335 0.5936671 0.5231249 0.7018934 0.4272940 0.6814051
2 0.2447911 0.4507918 0.3406221 0.4712802 0.3258135 0.5795065 0.2299825 0.5590181
2 0.3487779 0.4730239 0.4446089 0.4935122 0.4298003 0.6017385 0.3339693 0.5812501
2 0.4527647 0.4952559 0.5485957 0.5157442 0.5337871 0.6239705 0.4379561 0.6034822
1 0.2086582 0.4507918 0.5485957 0.4507918 0.5485957 0.7798164 0.2086582 0.7798164