0 0.2525758 0.6736336 0.5396701 0.5913683 0.5766514 0.7930242 0.2895572 0.8752895
2 0.2758077 0.6475125 0.3495718 0.6263758 0.3674488 0.7238573 0.2936847 0.7449940
2 0.3558496 0.6245769 0.4296137 0.6034402 0.4474907 0.7009217 0.3737266 0.7220584
2 0.4358915 0.6016413 0.5096556 0.5805046 0.5275326 0.6779862 0.4537685 0.6991229
2 0.2629363 0.5773258 0.3367004 0.5561891 0.3545774 0.6536706 0.2808133 0.6748073
2 0.3429781 0.5543902 0.4167422 0.5332535 0.4346192 0.6307350 0.3608551 0.6518717
2 0.4230200 0.5314546 0.4967841 0.5103179 0.5146611 0.6077994 0.4408970 0.6289362
2 0.2500648 0.5071390 0.3238289 0.4860023 0.3417059 0.5834839 0.2679418 0.6046206
2 0.3301067 0.4842035 0.4038708 0.4630668 0.4217478 0.5605483 0.3479837 0.5816850
2 0.4101486 0.4612679 0.4839127 0.4401312 0.5017897 0.5376127 0.4280256 0.5587494
1 0.2500648 0.4401312 0.5275326 0.4401312 0.5275326 0.7449940 0.2500648 0.7449940
3 0.2500648 0.4401312 0.5275326 0.4401312 0.5275326 0.7449940 0.2500648 0.7449940