0 0.3543547 0.6904713 0.6839766 0.7578163 0.6590986 0.9480759 0.3294767 0.8807309
2 0.3871842 0.6794133 0.4718750 0.6967165 0.4598866 0.7884006 0.3751957 0.7710974
2 0.4790828 0.6981891 0.5637736 0.7154922 0.5517852 0.8071764 0.4670943 0.7898732
2 0.5709814 0.7169648 0.6556722 0.7342680 0.6436837 0.8259522 0.5589929 0.8086490
2 0.3958159 0.6134007 0.4805067 0.6307039 0.4685183 0.7223880 0.3838274 0.7050848
2 0.4877145 0.6321765 0.5724053 0.6494797 0.5604169 0.7411638 0.4757260 0.7238606
2 0.5796131 0.6509523 0.6643039 0.6682554 0.6523154 0.7599396 0.5676246 0.7426364
2 0.4044476 0.5473881 0.4891384 0.5646913 0.4771500 0.6563754 0.3924591 0.6390723
2 0.4963462 0.5661639 0.5810370 0.5834671 0.5690485 0.6751512 0.4843577 0.6578480
2 0.5882447 0.5849397 0.6729356 0.6022429 0.6609471 0.6939270 0.5762563 0.6766238
1 0.3751957 0.5473881 0.6729356 0.5473881 0.6729356 0.8259522 0.3751957 0.8259522
3 0.3751957 0.5473881 0.6729356 0.5473881 0.6729356 0.8259522 0.3751957 0.8259522