0 0.1893536 0.8248141 0.4337080 0.6336810 0.4988206 0.7637486 0.2544662 0.9548817
2 0.1984138 0.7799234 0.2611966 0.7308150 0.3079296 0.8241678 0.2451468 0.8732762
2 0.2665399 0.7266355 0.3293227 0.6775271 0.3760556 0.7708798 0.3132728 0.8199883
2 0.3346659 0.6733476 0.3974487 0.6242391 0.4441816 0.7175919 0.3813988 0.7667004
2 0.1647661 0.7127094 0.2275489 0.6636010 0.2742819 0.7569538 0.2114991 0.8060622
2 0.2328921 0.6594215 0.2956749 0.6103130 0.3424079 0.7036658 0.2796251 0.7527743
2 0.3010182 0.6061336 0.3638009 0.5570251 0.4105339 0.6503779 0.3477511 0.6994864
2 0.1311184 0.6454954 0.1939012 0.5963869 0.2406341 0.6897397 0.1778514 0.7388482
2 0.1992444 0.5922075 0.2620272 0.5430990 0.3087602 0.6364518 0.2459774 0.6855603
2 0.2673704 0.5389196 0.3301532 0.4898111 0.3768862 0.5831639 0.3141034 0.6322724
1 0.1311184 0.4898111 0.4441816 0.4898111 0.4441816 0.8732762 0.1311184 0.8732762
3 0.1311184 0.4898111 0.4441816 0.4898111 0.4441816 0.8732762 0.1311184 0.8732762