0 0.2472851 0.5996826 0.6019744 0.6940877 0.5771268 0.8399545 0.2224376 0.7455494
2 0.2848047 0.5812684 0.3759362 0.6055242 0.3592258 0.7036216 0.2680943 0.6793658
2 0.3836920 0.6075886 0.4748235 0.6318444 0.4581132 0.7299418 0.3669817 0.7056860
2 0.4825794 0.6339087 0.5737109 0.6581645 0.5570006 0.7562619 0.4658691 0.7320061
2 0.2968361 0.5106383 0.3879676 0.5348941 0.3712573 0.6329915 0.2801258 0.6087357
2 0.3957235 0.5369584 0.4868550 0.5612142 0.4701446 0.6593116 0.3790131 0.6350558
2 0.4946108 0.5632785 0.5857423 0.5875344 0.5690320 0.6856318 0.4779005 0.6613760
2 0.3088675 0.4400081 0.3999990 0.4642639 0.3832887 0.5623614 0.2921572 0.5381056
2 0.4077549 0.4663283 0.4988864 0.4905841 0.4821761 0.5886815 0.3910446 0.5644257
2 0.5066423 0.4926484 0.5977738 0.5169042 0.5810634 0.6150016 0.4899320 0.5907458
1 0.2680943 0.4400081 0.5977738 0.4400081 0.5977738 0.7562619 0.2680943 0.7562619
3 0.2680943 0.4400081 0.5977738 0.4400081 0.5977738 0.7562619 0.2680943 0.7562619