0 0.4720756 0.8275182 0.7998356 0.5440844 0.8685954 0.6683236 0.5408354 0.9517574
2 0.4907973 0.7801436 0.5750097 0.7073200 0.6189830 0.7867735 0.5347705 0.8595971
2 0.5821767 0.7011222 0.6663892 0.6282986 0.7103625 0.7077521 0.6261500 0.7805757
2 0.6735562 0.6221009 0.7577687 0.5492773 0.8017420 0.6287308 0.7175295 0.7015544
2 0.4591365 0.7229371 0.5433490 0.6501135 0.5873222 0.7295670 0.5031098 0.8023906
2 0.5505160 0.6439157 0.6347285 0.5710921 0.6787017 0.6505456 0.5944893 0.7233692
2 0.6418955 0.5648944 0.7261079 0.4920708 0.7700812 0.5715243 0.6858687 0.6443479
2 0.4274758 0.6657306 0.5116882 0.5929070 0.5556615 0.6723605 0.4714490 0.7451841
2 0.5188552 0.5867092 0.6030677 0.5138856 0.6470410 0.5933391 0.5628285 0.6661627
2 0.6102347 0.5076879 0.6944472 0.4348643 0.7384205 0.5143178 0.6542080 0.5871413
1 0.4274758 0.4348643 0.8017420 0.4348643 0.8017420 0.8595971 0.4274758 0.8595971
4 0.4728186 0.6612330 0.4884436 0.6456080 0.5103186 0.6690455 0.4946936 0.6885768