0 0.3289125 0.7011517 0.6496104 0.6065322 0.6801671 0.7683561 0.3594693 0.8629756
2 0.3535395 0.6653027 0.4359374 0.6409918 0.4553293 0.7436882 0.3729313 0.7679991
2 0.4429500 0.6389228 0.5253480 0.6146119 0.5447399 0.7173082 0.4623419 0.7416191
2 0.5323606 0.6125429 0.6147586 0.5882320 0.6341504 0.6909283 0.5517525 0.7152392
2 0.3395773 0.5913613 0.4219753 0.5670504 0.4413672 0.6697468 0.3589692 0.6940577
2 0.4289879 0.5649814 0.5113859 0.5406705 0.5307777 0.6433669 0.4483798 0.6676777
2 0.5183984 0.5386015 0.6007964 0.5142906 0.6201883 0.6169869 0.5377903 0.6412978
2 0.3256152 0.5174199 0.4080132 0.4931090 0.4274050 0.5958054 0.3450071 0.6201163
2 0.4150257 0.4910400 0.4974237 0.4667291 0.5168156 0.5694255 0.4344176 0.5937364
2 0.5044363 0.4646601 0.5868343 0.4403492 0.6062261 0.5430456 0.5238282 0.5673564
1 0.3256152 0.4403492 0.6341504 0.4403492 0.6341504 0.7679991 0.3256152 0.7679991
3 0.3256152 0.4403492 0.6341504 0.4403492 0.6341504 0.7679991 0.3256152 0.7679991