0 0.3281019 0.7872167 0.5846944 0.5671979 0.6521725 0.6901589 0.3955800 0.9101776
2 0.3388443 0.7430293 0.4047715 0.6864992 0.4511194 0.7709560 0.3851922 0.8274862
2 0.4103823 0.6816881 0.4763095 0.6251580 0.5226574 0.7096148 0.4567302 0.7661449
2 0.4819203 0.6203469 0.5478474 0.5638167 0.5941954 0.6482736 0.5282682 0.7048037
2 0.3054738 0.6822204 0.3714009 0.6256903 0.4177489 0.7101471 0.3518217 0.7666772
2 0.3770118 0.6208792 0.4429389 0.5643491 0.4892869 0.6488059 0.4233597 0.7053360
2 0.4485498 0.5595380 0.5144769 0.5030078 0.5608249 0.5874646 0.4948977 0.6439948
2 0.2721033 0.6214115 0.3380304 0.5648814 0.3843784 0.6493382 0.3184512 0.7058683
2 0.3436413 0.5600703 0.4095684 0.5035401 0.4559164 0.5879970 0.3899892 0.6445271
2 0.4151792 0.4987291 0.4811064 0.4421989 0.5274543 0.5266557 0.4615272 0.5831859
1 0.2721033 0.4421989 0.5941954 0.4421989 0.5941954 0.8274862 0.2721033 0.8274862
3 0.2721033 0.4421989 0.5941954 0.4421989 0.5941954 0.8274862 0.2721033 0.8274862