0 0.4309783 0.7284855 0.6870929 0.5320370 0.7774468 0.7160943 0.5213322 0.9125427
2 0.4477526 0.6960575 0.5135570 0.6455833 0.5546153 0.7292218 0.4888109 0.7796960
2 0.5191574 0.6412876 0.5849617 0.5908135 0.6260200 0.6744520 0.5602156 0.7249262
2 0.5905621 0.5865178 0.6563665 0.5360437 0.6974248 0.6196822 0.6316204 0.6701564
2 0.4181907 0.6358377 0.4839950 0.5853636 0.5250533 0.6690021 0.4592489 0.7194763
2 0.4895954 0.5810679 0.5553998 0.5305938 0.5964581 0.6142323 0.5306537 0.6647064
2 0.5610002 0.5262981 0.6268046 0.4758239 0.6678628 0.5594625 0.6020584 0.6099366
2 0.3886287 0.5756180 0.4544331 0.5251438 0.4954914 0.6087824 0.4296870 0.6592565
2 0.4600335 0.5208482 0.5258379 0.4703740 0.5668961 0.5540125 0.5010917 0.6044867
2 0.5314382 0.4660783 0.5972426 0.4156042 0.6383009 0.4992427 0.5724965 0.5497169
1 0.3886287 0.4156042 0.6974248 0.4156042 0.6974248 0.7796960 0.3886287 0.7796960