0 0.1407851 0.7608191 0.5167013 0.5889340 0.5607363 0.7394113 0.1848201 0.9112964
2 0.1677560 0.7179211 0.2643414 0.6737580 0.2933300 0.7728183 0.1967446 0.8169813
2 0.2725615 0.6699995 0.3691469 0.6258365 0.3981354 0.7248967 0.3015500 0.7690597
2 0.3773669 0.6220779 0.4739523 0.5779149 0.5029409 0.6769752 0.4063555 0.7211382
2 0.1468843 0.6465977 0.2434697 0.6024347 0.2724582 0.7014949 0.1758728 0.7456579
2 0.2516897 0.5986761 0.3482751 0.5545131 0.3772637 0.6535733 0.2806783 0.6977364
2 0.3564951 0.5507545 0.4530805 0.5065915 0.4820691 0.6056518 0.3854837 0.6498148
2 0.1260125 0.5752743 0.2225979 0.5311113 0.2515865 0.6301715 0.1550011 0.6743345
2 0.2308179 0.5273527 0.3274033 0.4831897 0.3563919 0.5822500 0.2598065 0.6264130
2 0.3356234 0.4794312 0.4322088 0.4352681 0.4611973 0.5343284 0.3646119 0.5784914
1 0.1260125 0.4352681 0.5029409 0.4352681 0.5029409 0.8169813 0.1260125 0.8169813
3 0.1260125 0.4352681 0.5029409 0.4352681 0.5029409 0.8169813 0.1260125 0.8169813
4 0.3165984 0.6896356 0.3322234 0.6740106 0.3540984 0.6974481 0.3384734 0.7169794