0 0.3776754 0.6928968 0.6914206 0.6088691 0.7165273 0.7553444 0.4027821 0.8393721
2 0.4024442 0.6598671 0.4830558 0.6382776 0.4992395 0.7326953 0.4186279 0.7542848
2 0.4899163 0.6364402 0.5705280 0.6148507 0.5867117 0.7092684 0.5061001 0.7308579
2 0.5773885 0.6130133 0.6580001 0.5914238 0.6741839 0.6858414 0.5935723 0.7074310
2 0.3907919 0.5918864 0.4714035 0.5702969 0.4875872 0.6647146 0.4069756 0.6863041
2 0.4782641 0.5684595 0.5588757 0.5468699 0.5750594 0.6412876 0.4944478 0.6628771
2 0.5657362 0.5450325 0.6463478 0.5234430 0.6625316 0.6178607 0.5819200 0.6394502
2 0.3791396 0.5239056 0.4597512 0.5023161 0.4759349 0.5967338 0.3953233 0.6183233
2 0.4666118 0.5004787 0.5472234 0.4788892 0.5634071 0.5733069 0.4827955 0.5948964
2 0.5540839 0.4770518 0.6346956 0.4554623 0.6508793 0.5498800 0.5702677 0.5714695
1 0.3791396 0.4554623 0.6741839 0.4554623 0.6741839 0.7542848 0.3791396 0.7542848
3 0.3791396 0.4554623 0.6741839 0.4554623 0.6741839 0.7542848 0.3791396 0.7542848