0 0.3493339 0.5652453 0.6919225 0.7512932 0.6389490 0.9037077 0.2963604 0.7176598
2 0.3865900 0.5667116 0.4746125 0.6145135 0.4477469 0.6918109 0.3597244 0.6440090
2 0.4821037 0.6185817 0.5701262 0.6663836 0.5432606 0.7436811 0.4552381 0.6958792
2 0.5776174 0.6704519 0.6656399 0.7182538 0.6387743 0.7955512 0.5507518 0.7477493
2 0.4059333 0.5110575 0.4939557 0.5588593 0.4670901 0.6361568 0.3790677 0.5883549
2 0.5014470 0.5629276 0.5894694 0.6107295 0.5626038 0.6880269 0.4745814 0.6402250
2 0.5969607 0.6147977 0.6849831 0.6625996 0.6581175 0.7398971 0.5700951 0.6920952
2 0.4252765 0.4554033 0.5132990 0.5032052 0.4864333 0.5805026 0.3984109 0.5327007
2 0.5207902 0.5072734 0.6088127 0.5550753 0.5819470 0.6323728 0.4939246 0.5845709
2 0.6163039 0.5591436 0.7043264 0.6069455 0.6774608 0.6842429 0.5894383 0.6364410
1 0.3597244 0.4554033 0.7043264 0.4554033 0.7043264 0.7955512 0.3597244 0.7955512
3 0.3597244 0.4554033 0.7043264 0.4554033 0.7043264 0.7955512 0.3597244 0.7955512