0 0.3510159 0.7786755 0.6446568 0.6766660 0.6841081 0.8541084 0.3904672 0.9561179
2 0.3735566 0.7481230 0.4490027 0.7219134 0.4702173 0.8173317 0.3947712 0.8435413
2 0.4554236 0.7196828 0.5308698 0.6934731 0.5520844 0.7888914 0.4766383 0.8151011
2 0.5372907 0.6912425 0.6127368 0.6650329 0.6339515 0.7604512 0.5585054 0.7866608
2 0.3582820 0.6794218 0.4337282 0.6532122 0.4549428 0.7486305 0.3794967 0.7748401
2 0.4401491 0.6509816 0.5155952 0.6247719 0.5368099 0.7201902 0.4613637 0.7463999
2 0.5220162 0.6225413 0.5974623 0.5963317 0.6186769 0.6917500 0.5432308 0.7179596
2 0.3430075 0.6107207 0.4184536 0.5845110 0.4396683 0.6799293 0.3642221 0.7061390
2 0.4248746 0.5822804 0.5003207 0.5560708 0.5215353 0.6514891 0.4460892 0.6776987
2 0.5067416 0.5538402 0.5821877 0.5276305 0.6034024 0.6230488 0.5279563 0.6492585
1 0.3430075 0.5276305 0.6339515 0.5276305 0.6339515 0.8435413 0.3430075 0.8435413