0 0.1877843 0.6526993 0.5214673 0.6406029 0.5252414 0.8032754 0.1915584 0.8153718
2 0.2180118 0.6207169 0.3037461 0.6176089 0.3063103 0.7281320 0.2205760 0.7312400
2 0.3110426 0.6173444 0.3967769 0.6142365 0.3993412 0.7247596 0.3136069 0.7278675
2 0.4040735 0.6139719 0.4898078 0.6108640 0.4923720 0.7213871 0.4066377 0.7244951
2 0.2161656 0.5411402 0.3018999 0.5380323 0.3044641 0.6485554 0.2187298 0.6516633
2 0.3091964 0.5377678 0.3949307 0.5346598 0.3974949 0.6451829 0.3117606 0.6482909
2 0.4022272 0.5343953 0.4879615 0.5312874 0.4905257 0.6418105 0.4047915 0.6449184
2 0.2143194 0.4615636 0.3000537 0.4584556 0.3026179 0.5689787 0.2168836 0.5720867
2 0.3073502 0.4581911 0.3930845 0.4550832 0.3956487 0.5656063 0.3099144 0.5687142
2 0.4003810 0.4548187 0.4861153 0.4517107 0.4886795 0.5622338 0.4029452 0.5653418
1 0.2143194 0.4517107 0.4923720 0.4517107 0.4923720 0.7312400 0.2143194 0.7312400
3 0.2143194 0.4517107 0.4923720 0.4517107 0.4923720 0.7312400 0.2143194 0.7312400