0 0.3999416 0.5301448 0.7040138 0.7336239 0.6253810 0.9172273 0.3213088 0.7137482
2 0.4335824 0.5363046 0.5117087 0.5885851 0.4772325 0.6690851 0.3991062 0.6168046
2 0.5183577 0.5930346 0.5964840 0.6453151 0.5620078 0.7258151 0.4838815 0.6735345
2 0.6031330 0.6497645 0.6812593 0.7020451 0.6467831 0.7825451 0.5686569 0.7302645
2 0.4584052 0.4783446 0.5365315 0.5306252 0.5020553 0.6111251 0.4239291 0.5588446
2 0.5431805 0.5350746 0.6213068 0.5873551 0.5868307 0.6678551 0.5087044 0.6155746
2 0.6279559 0.5918045 0.7060821 0.6440851 0.6716060 0.7245851 0.5934797 0.6723045
2 0.4832281 0.4203846 0.5613543 0.4726652 0.5268782 0.5531652 0.4487519 0.5008846
2 0.5680034 0.4771146 0.6461297 0.5293951 0.6116535 0.6098951 0.5335272 0.5576146
2 0.6527787 0.5338446 0.7309050 0.5861251 0.6964288 0.6666251 0.6183025 0.6143445
1 0.3991062 0.4203846 0.7309050 0.4203846 0.7309050 0.7825451 0.3991062 0.7825451